# 19/100 iterations complete ✅ (83831.56s)
# Results saved to runs/detect/tune2
# Best fitness=0.12938 observed at iteration 7
# Best fitness metrics are {'metrics/precision(B)': 0.37343, 'metrics/recall(B)': 0.27888, 'metrics/mAP50(B)': 0.25289, 'metrics/mAP50-95(B)': 0.11566, 'val/box_loss': 1.40477, 'val/cls_loss': 4.8316, 'val/dfl_loss': 1.34261, 'fitness': 0.12938}
# Best fitness model is runs/detect/train9
# Best fitness hyperparameters are printed below.

lr0: 0.00833
lrf: 0.01038
momentum: 0.98
weight_decay: 0.00039
warmup_epochs: 3.42688
warmup_momentum: 0.70109
box: 6.14484
cls: 0.52543
dfl: 1.40943
hsv_h: 0.01202
hsv_s: 0.67783
hsv_v: 0.37822
degrees: 0.0
translate: 0.1006
scale: 0.53258
shear: 0.0
perspective: 0.0
flipud: 0.0
fliplr: 0.64925
bgr: 0.0
mosaic: 0.9856
mixup: 0.0
copy_paste: 0.0
